00000000000000000000000000000000
00000000000000000000000000000000
00000000000000000000000000000000
00000000000000000000000000000000
00000000000000000000000000000000
00000000000011101100000000000000
00000000000010102300000000000000
00000000000011112300000000000000
00000000000010102300000000000000
00000000000011101100000000000000
00000000000000004100000000000000
00000000000000000000000000000000
00000000000000000000000000000000
00000000000000000000000000000000
00000000000000000000000000000000
00000000000000000000000000000000
00000000000000000000000000000000
00000000000000000000000000000000

level2-1.png
427 292208
